7727	
5776	
1813	
5317	
7028	
9631	
2833	
3565	
6784	
9802	
9422	
2005	
38	
1362	
8325	
3267	
3929	
1051	
3870	
2614	
5197	
9022	
1953	
2028	
2615	
6874	
9262	
82	
3778	
8567	
392	
5823	
9391	
4878	
5606	
5649	
1047	
2900	
3968	
6846	
7192	
6648	
6886	
255	
4138	
8021	
3646	
6175	
3083	
2107	
7801	
2949	
2086	
1752	
8149	
6473	
5453	
9739	
6129	
7861	
1267	
2063	
5120	
2672	
6416	
8605	
5667	
5069	
8933	
2762	
2311	
4313	
4	
9398	
2955	
8284	
372	
5906	
4957	
8790	
3854	
5181	
9590	
8255	
4480	
8608	
4152	
6572	
927	
1244	
9156	
8857	
9061	
9951	
8029	
677	
5399	
70	
6670	
6105	
8812	
5552	
7133	
4505	
6731	
2521	
817	
7839	
1970	
4535	
5346	
1919	
9050	
4811	
1105	
4624	
4296	
9217	
8012	
3544	
1023	
3652	
6501	
7833	
6694	
3247	
5812	
9449	
7456	
4764	
8690	
8211	
6529	
7513	
8335	
8139	
8291	
211	
8424	
1239	
9492	
9517	
9649	
4664	
8240	
4743	
4489	
3279	
2926	
7404	
8021	
5472	
302	
8806	
3766	
1742	
7172	
431	
747	
976	
4288	
8672	
2409	
4355	
3196	
3171	
9240	
7348	
4814	
4776	
6648	
1734	
9946	
7830	
6675	
1911	
7328	
3450	
9185	
3185	
9537	
7683	
7480	
7098	
3854	
4363	
2868	
5280	
9974	
886	
4349	
1267	
9001	
1854	
6814	
2482	
8332	
635	
6668	
9810	
7863	
7819	
9026	
2685	
1794	
360	
2413	
5621	
7830	
6601	
8554	
8460	
3408	
5709	
2679	
8955	
5864	
2463	
6458	
9339	
8683	
8413	
5204	
363	
426	
7680	
2127	
3255	
2190	
7482	
3562	
6507	
8834	
6924	
2335	
4139	
3812	
3023	
2930	
8310	
9241	
4330	
9487	
5656	
8563	
4792	
7753	
4734	
7102	
8047	
4615	
5426	
7967	
6996	
8419	
5709	
5402	
6791	
5418	
7679	
9739	
2718	
5661	
6947	
8963	
9632	
6853	
4547	
6070	
308	
5730	
3826	
1769	
9054	
5550	
1890	
8884	
3714	
6175	
2760	
8412	
8297	
28	
4980	
7892	
5227	
3931	
7121	
2845	
6167	
649	
9928	
8529	
1671	
6367	
2073	
4879	
7351	
5298	
1381	
9497	
6063	
3248	
7533	
1496	
3378	
7252	
4634	
7874	
1220	
280	
2923	
7412	
247	
7874	
9842	
408	
1838	
1090	
8019	
3099	
2536	
3543	
5487	
5556	
6006	
483	
875	
5109	
7827	
6023	
4061	
2164	
7837	
4582	
5390	
598	
4679	
1718	
1049	
7856	
1931	
4916	
9746	
5135	
4778	
8043	
1981	
8053	
2503	
9379	
5712	
2095	
5494	
9536	
1732	
7270	
6826	
8833	
5974	
5938	
8418	
4379	
7301	
5796	
1871	
3441	
7137	
249	
7372	
4794	
1458	
6961	
7079	
4518	
4612	
3020	
7449	
9060	
9373	
1932	
895	
506	
1123	
9556	
5234	
8596	
2149	
8920	
2421	
1331	
7853	
1549	
9864	
1252	
6742	
2331	
8436	
4550	
4076	
4148	
2546	
6359	
8255	
4618	
5415	
4062	
7049	
2771	
6366	
5216	
1888	
9098	
9593	
1786	
8141	
9274	
6011	
4294	
9419	
68	
7300	
8133	
5698	
2930	
1417	
730	
7798	
5207	
9415	
7283	
6795	
501	
6813	
5863	
571	
2125	
2005	
9824	
2455	
4902	
5884	
9522	
780	
3314	
52	
2291	
6018	
6431	
4964	
8271	
1335	
6964	
9661	
7809	
7665	
7838	
3686	
9841	
9438	
7392	
4041	
9430	
9736	
6927	
3514	
9667	
209	
4180	
5854	
3528	
7080	
1739	
9852	
5614	
8878	
975	
200	
4650	
9463	
6982	
7299	
7032	
7077	
9191	
7791	
6888	
5933	
6440	
5728	
3021	
3324	
4345	
3744	
5404	
1399	
2059	
658	
3187	
6234	
1196	
4967	
6584	
9220	
3316	
6723	
2047	
7449	
4803	
9387	
6332	
2102	
6882	
6382	
7619	
4328	
2343	
3139	
9245	
6630	
1864	
6432	
7673	
2987	
5896	
5274	
3745	
6657	
7710	
5218	
2144	
3602	
6546	
8397	
1923	
5644	
5811	
3126	
7304	
5409	
2403	
2380	
8340	
4598	
4913	
9390	
5652	
1603	
897	
985	
9819	
5388	
4399	
196	
7262	
94	
9503	
9084	
8659	
3714	
2068	
9306	
6281	
333	
411	
3430	
285	
4601	
8445	
3461	
4566	
4895	
4523	
88	
4422	
5309	
8561	
7393	
6339	
2010	
9964	
3203	
2511	
3819	
4818	
1932	
4382	
9187	
4401	
6071	
8110	
4523	
9744	
1148	
7669	
7281	
8171	
5706	
4691	
2365	
4728	
9430	
8664	
8803	
5625	
7644	
2060	
5021	
564	
865	
954	
3286	
9264	
5990	
1662	
3049	
7331	
3647	
762	
955	
3459	
46	
1391	
3761	
3769	
1880	
3675	
4310	
169	
3153	
3519	
5164	
5027	
7906	
7457	
4838	
7671	
6148	
9948	
6569	
131	
7573	
731	
751	
7417	
1870	
4342	
367	
3894	
6033	
6413	
7455	
7569	
4228	
7073	
23	
5765	
7955	
23	
1070	
282	
1021	
5575	
7401	
9486	
3146	
2587	
7348	
9706	
8114	
9274	
5261	
495	
707	
168	
8477	
8210	
3522	
4823	
8096	
6101	
9940	
2632	
9984	
5810	
1694	
7428	
7504	
4140	
8508	
8520	
5002	
532	
5664	
1381	
7741	
6676	
6830	
6804	
218	
3079	
8497	
3072	
8920	
1548	
8765	
7195	
4124	
6976	
2839	
2445	
3080	
125	
3505	
6813	
6376	
4101	
3400	
821	
5842	
3777	
7078	
9195	
8826	
4383	
5589	
1432	
2992	
1907	
7319	
1298	
8623	
1547	
397	
6916	
946	
4487	
9377	
8034	
4043	
1300	
9232	
1798	
7034	
2766	
203	
4580	
2302	
8216	
8849	
6279	
7847	
3256	
2033	
6456	
7229	
5381	
7475	
255	
9936	
4803	
7049	
8983	
8175	
6994	
2624	
6724	
4364	
1247	
9093	
4292	
3297	
1809	
5223	
6803	
6934	
2121	
8850	
3210	
231	
8974	
8364	
1482	
4025	
3014	
1760	
6852	
3509	
9815	
5928	
2636	
4286	
602	
3297	
292	
6552	
2016	
1712	
8839	
1227	
4556	
492	
8813	
9042	
8081	
3226	
5434	
5018	
4747	
4111	
3231	
7608	
6739	
3101	
2118	
4453	
8126	
847	
1151	
5621	
4359	
9196	
6256	
4790	
2601	
5682	
3092	
406	
4637	
6286	
1200	
5332	
7984	
1052	
6590	
1766	
957	
6932	
8802	
7597	
1362	
4636	
389	
6113	
2654	
489	
3367	
4735	
3111	
6533	
5453	
5644	
1559	
167	
760	
428	
4048	
9526	
4612	
2466	
9653	
4949	
3476	
5157	
4709	
3290	
6591	
1745	
4152	
3635	
9054	
4321	
1222	
50	
9246	
1409	
2286	
5579	
8422	
1662	
5335	
637	
3505	
8727	
3425	
497	
2980	
8811	
8572	
3494	
1039	
8794	
6319	
1398	
1358	
175	
2788	
6583	
5761	
1901	
2057	
5888	
4329	
6126	
1061	
3518	
5641	
4709	
2483	
7028	
3650	
5133	
2205	
4531	
885	
1411	
7290	
6527	
9044	
3258	
9326	
2347	
8884	
6512	
6057	
8442	
3116	
588	
3021	
9559	
5648	
3240	
5848	
6553	
7308	
4514	
5959	
3652	
8765	
445	
374	
7471	
7081	
2622	
966	
4625	
4148	
2090	
2333	
4991	
7525	
7351	
5457	
5001	
9964	
1957	
3521	
4707	
7219	
4917	
5503	
4091	
8907	
3463	
2473	
6125	
519	
2379	
4767	
5087	
6888	
1895	
8812	
4892	
2893	
6939	
80	
9515	
585	
8007	
5090	
4129	
6609	
7666	
9216	
9786	
634	
1172	
4682	
1698	
5328	
1699	
1151	
641	
8482	
3788	
2889	
9801	
3509	
591