1199	
466	
4457	
1388	
3935	
14	
4060	
9992	
8996	
8447	
5302	
5199	
3414	
6859	
7537	
9771	
8618	
9651	
5514	
4810	
9802	
9321	
8241	
123	
9307	
8563	
5136	
791	
347	
6757	
3737	
9096	
1099	
9898	
1146	
9405	
7936	
6267	
3950	
2288	
1156	
8087	
8543	
8681	
1494	
1480	
6324	
2217	
1244	
6501	
8473	
384	
9646	
3015	
175	
1830	
2980	
6990	
6357	
8470	
3679	
4643	
9797	
7390	
8336	
2539	
9209	
7797	
6994	
6416	
363	
6637	
1287	
3629	
2671	
290	
5532	
5212	
2435	
7421	
3306	
1770	
4448	
2711	
1064	
7793	
6903	
7411	
1599	
3132	
2717	
8903	
6239	
9120	
4847	
5675	
5303	
4840	
8254	
7957